%YAML:1.0
---
# 
# Transformation from base to camera frame
estimated_transformation: !!opencv-matrix
   rows: 4
   cols: 4
   dt: d
   data: [ -9.9869714379242658e-01, 1.1022648470343031e-02,
       -4.9824855258682320e-02, 6.0137111895269019e-02,
       1.4884162544835714e-02, 9.9685726394333507e-01,
       -7.7807821128376073e-02, 6.1895192654702125e-01,
       4.8810620629001177e-02, -7.8448049970064881e-02,
       -9.9572256516044977e-01, 1.2660662525114410e+00, 0., 0., 0., 1. ]
