%YAML:1.0
---
# 
# Transformation from base to camera frame
estimated_transformation: !!opencv-matrix
   rows: 4
   cols: 4
   dt: d
   data: [ -9.9515891593154038e-01, 4.6640112542207936e-02,
       -8.6506831776481885e-02, 1.3170712891201611e-01,
       5.7426426792926470e-02, 9.9027523896490743e-01,
       -1.2671683628776881e-01, 6.9328405585854291e-01,
       7.9755486004099235e-02, -1.3107116767251187e-01,
       -9.8815960829069216e-01, 1.1641882434728006e+00, 0., 0., 0., 1. ]
